"V1","V2","V3","V4"
0.999948084354401,0.00662729656323791,0.0077372994273901,0
-0.00502341380342841,0.981485962867737,-0.191468060016632,0
-0.00886296667158604,0.191419243812561,0.981468319892883,0
0,0,0,1
