"V1","V2","V3","V4"
-0.998937964439392,0.00702511472627521,0.0455367863178253,0
0.0073965978808701,0.999940752983093,0.00799378100782633,0
-0.045477993786335,0.00832210760563612,-0.998930752277374,0
0,0,0,1
