"V1","V2","V3","V4"
0.0114593505859375,-0.997238218784332,0.0733814314007759,0
0.0446068495512009,0.0738230645656586,0.996273279190063,0
-0.998939037322998,-0.00814325362443924,0.0453296862542629,0
0,0,0,1
