"V1","V2","V3","V4"
-0.999979972839355,0.00443626195192337,-0.00454661343246698,0
-0.0042164302431047,0.0718144625425339,0.997408926486969,0
0.00475120171904564,0.997408270835876,-0.0717943459749222,0
0,0,0,1
